      1          7           0       26.071891    6.825453   40.236416
      2          7           0       26.747877    8.998874   40.019297
      3          6           0       26.799769    7.885505   40.671103
      4          7           0       27.517192    7.719979   41.796126
      5          6           0       28.305783    8.730113   42.396894
      6          6           0       28.232425    9.966301   41.678743
      7          8           0       28.908627    8.453693   43.394176
      8          7           0       29.012481   11.052482   42.091238
      9          6           0       28.872524   12.165565   41.530131
     10          6           0       27.844436   12.430414   40.441939
     11          6           0       27.460420   10.029143   40.546085
     12          7           0       27.416004   11.183465   39.849278
     13          6           0       29.707385   13.341460   41.952001
     14          1           0       26.374883    5.906998   40.470949
     15          1           0       25.694357    6.930419   39.320938
     16          1           0       28.275129   13.061991   39.672143
     17          1           0       30.336385   13.684312   41.133720
     18          1           0       29.077555   14.179377   42.244723
     19          1           0       30.334196   13.062258   42.786860
     20          1           0       27.006334   12.982755   40.873077
     21          1           0       26.774002   11.205934   39.089276
     22          1           0       27.492346    6.859509   42.299888 
